   0.0000000e+00  -1.0824674e-14   0.0000000e+00  -5.6597994e-73 -2.1289799e-109   3.2203647e-37
   2.3758099e-03  -6.2430476e-02  -5.1265449e-02   5.2594171e-04   4.6991366e-04   3.5331415e-04
  -3.2676639e-03   1.2032692e-03  -2.5321149e-02   2.2647722e-04   3.7526638e-04   3.0182108e-04
  -1.4749062e-02  -1.1352184e-01  -1.9031136e-01   1.8340412e-03   1.1508568e-03   3.3255427e-05
  -2.2997460e-03  -1.8531100e-01  -3.0530897e-01   1.5324382e-03   9.7679859e-04   3.9641061e-04
   1.2077903e-03  -1.6268608e-01  -2.7357471e-01   1.0104155e-03   5.6795658e-04   3.8851022e-04
   9.6304215e-03  -2.0024547e-01  -2.8411825e-01   1.0425663e-03   8.2884334e-04   4.7286240e-04
   2.8294900e-02  -1.3310417e-01  -2.8105654e-01   6.8632882e-04   1.1616626e-03   6.0419500e-04
   1.3266616e-02  -2.1554011e-01  -3.3592065e-01   1.1582283e-03   1.2662868e-03   6.5481205e-04
   1.1431134e-02  -1.2903876e-01  -3.1407988e-01   1.0285896e-03   1.4630043e-03   3.2711164e-04
  -3.9019017e-04  -2.1473281e-01  -3.4732859e-01   1.6202584e-03   1.7236817e-03   4.3687747e-04
  -5.9075797e-04  -2.4240361e-01  -4.1792830e-01   1.6831490e-03   2.2357734e-03   5.8593660e-04
   1.1867796e-02  -2.6953730e-01  -4.5619847e-01   1.6621924e-03   2.6754480e-03   9.5677797e-04
   4.4437250e-02  -2.7857254e-01  -4.9464749e-01   1.7320870e-03   2.8922345e-03   1.5846808e-03
   4.8950812e-02  -2.9548616e-01  -5.0747189e-01   1.4331559e-03   2.4121511e-03   1.7950826e-03
   4.6594649e-02  -2.6720596e-01  -5.0609140e-01   1.5219657e-03   2.1662218e-03   1.2587385e-03
   4.7063412e-02  -2.1739875e-01  -5.3451672e-01   1.6341639e-03   2.1056566e-03   1.2046354e-03
   4.4874547e-02  -2.7573670e-01  -6.1663821e-01   2.8127208e-03   2.6303770e-03   1.3234228e-03
   4.6502121e-02  -2.1434714e-01  -6.0334259e-01   2.2392741e-03   2.8393111e-03   9.8002367e-04
   3.6899845e-02  -2.3553926e-01  -5.5349809e-01   1.8740953e-03   2.4960182e-03   8.1901849e-04
   1.4641465e-02  -2.9218957e-01  -5.2986809e-01   2.0787914e-03   2.3202581e-03   5.9208664e-04
   1.5523327e-02  -3.0311840e-01  -5.2510493e-01   1.6760523e-03   2.3103061e-03   7.2497946e-04
   2.3403129e-02  -2.8482029e-01  -5.3753024e-01   1.7916978e-03   2.8832175e-03   9.3262540e-04
   3.1964901e-02  -3.8533934e-01  -6.6522721e-01   3.1138478e-03   3.8409264e-03   1.5820613e-03
   8.2826235e-02  -4.8055853e-01  -7.7508931e-01   3.3256117e-03   5.9078912e-03   3.7379415e-03
   1.0154636e-01  -5.0170760e-01  -8.4269282e-01   3.8269255e-03   6.3530056e-03   4.6594683e-03
   1.2840620e-01  -5.0255770e-01  -9.1353594e-01   4.7320857e-03   6.2338386e-03   4.8610030e-03
   8.7622993e-02  -5.5469293e-01  -1.0592259e+00   5.5273212e-03   5.2555590e-03   3.8886224e-03
   6.3238192e-02  -5.5174841e-01  -1.1279667e+00   6.3274977e-03   4.6910205e-03   3.1587778e-03
   7.9301034e-02  -5.0390621e-01  -1.0921503e+00   6.4409616e-03   4.6546822e-03   2.9144461e-03
   8.3692263e-02  -4.7954304e-01  -1.0467952e+00   5.7783187e-03   4.2490051e-03   2.3620366e-03
   9.9759661e-02  -5.5748623e-01  -1.1551204e+00   5.6976629e-03   5.3047432e-03   3.3020759e-03
   1.3862240e-01  -6.4619108e-01  -1.2856675e+00   7.7909646e-03   6.6559606e-03   4.1084076e-03
   1.7069003e-01  -6.8864950e-01  -1.2503427e+00   6.9648714e-03   7.1405665e-03   5.1905372e-03
   1.7594319e-01  -6.8708265e-01  -1.2278166e+00   6.9408625e-03   7.0340886e-03   5.7221479e-03
   1.3559880e-01  -6.5768274e-01  -1.1643873e+00   6.4268405e-03   5.9812410e-03   4.3667635e-03
   1.5495185e-01  -7.2684845e-01  -1.3091410e+00   7.6064711e-03   6.9789634e-03   5.2435130e-03
   2.4187451e-01  -7.9360118e-01  -1.3825659e+00   8.3752101e-03   7.9670424e-03   6.3636519e-03
   2.1027415e-01  -7.4902288e-01  -1.2959241e+00   7.1769928e-03   6.3699029e-03   5.4304214e-03
   1.6385145e-01  -7.2837922e-01  -1.2719933e+00   6.4944569e-03   6.3654884e-03   5.0454502e-03
   1.7566717e-01  -7.8914285e-01  -1.4212206e+00   9.7000520e-03   6.9435533e-03   5.1494150e-03
   1.7941442e-01  -5.0797896e-01  -9.8984712e-01   4.5188823e-03   5.2789994e-03   4.1862548e-03
   2.1759720e-01  -5.6766261e-01  -1.0414902e+00   4.4348300e-03   5.3700353e-03   4.7529747e-03
   1.8943496e-01  -5.7146724e-01  -1.0400702e+00   5.0338928e-03   5.2265099e-03   4.6908924e-03
   1.3470704e-01  -5.5395938e-01  -1.1229916e+00   4.9810963e-03   5.4864946e-03   4.0295950e-03
   1.2615411e-01  -5.1715093e-01  -1.0781614e+00   5.5732527e-03   5.7653263e-03   3.6307959e-03
   1.4409015e-01  -5.7481328e-01  -1.0507353e+00   5.7984842e-03   6.1983526e-03   4.1923413e-03
   1.4719097e-01  -4.9584990e-01  -9.5975858e-01   4.7892103e-03   5.9997885e-03   4.2110625e-03
   1.5794578e-01  -6.1602924e-01  -1.0323332e+00   5.8433755e-03   6.3683345e-03   4.8314941e-03
   2.1688213e-01  -6.6549801e-01  -1.1731035e+00   6.6677057e-03   7.6735413e-03   6.5938203e-03
   2.5060480e-01  -8.8440966e-01  -1.5041247e+00   1.0176823e-02   9.3703683e-03   8.2620396e-03
   2.1127341e-01  -7.5325114e-01  -1.3584215e+00   9.7274889e-03   7.4379599e-03   7.4803479e-03
   9.0961715e-02  -6.7076758e-01  -1.2574219e+00   8.0823290e-03   7.0313204e-03   5.6066008e-03
   2.0467998e-01  -7.3192468e-01  -1.2818656e+00   7.6643239e-03   8.0126675e-03   7.5189301e-03
   3.3776808e-01  -7.2393590e-01  -1.3475100e+00   7.9058117e-03   1.0221348e-02   1.1005786e-02
   2.7106863e-01  -7.3846205e-01  -1.4225733e+00   9.2223470e-03   9.2088885e-03   8.9631605e-03
   2.3392695e-01  -7.3316658e-01  -1.3662046e+00   8.1974710e-03   7.7701844e-03   8.0001382e-03
   2.3641483e-01  -7.3742916e-01  -1.3971453e+00   8.4565942e-03   8.0912713e-03   7.8029453e-03
   1.8201532e-01  -6.6365469e-01  -1.3426016e+00   7.7236799e-03   7.0779988e-03   6.1273440e-03
   1.3792925e-01  -8.0760380e-01  -1.5860456e+00   1.0493595e-02   7.1889952e-03   5.4472392e-03
   1.6367783e-01  -7.5132931e-01  -1.5128094e+00   1.0115443e-02   7.3183487e-03   5.5118688e-03
   2.4307520e-01  -1.1807930e+00  -1.9968721e+00   1.3119374e-02   8.8394773e-03   7.4528957e-03
   1.7289249e-01  -1.1781973e+00  -2.0268801e+00   1.3713763e-02   8.4515863e-03   7.1581465e-03
   7.5443904e-02  -1.0112905e+00  -2.0456813e+00   1.6065583e-02   6.7273410e-03   3.6560602e-03
   1.2984986e-02  -9.4775915e-01  -1.8882058e+00   1.4654956e-02   6.6247657e-03   3.2718299e-03
   3.5311425e-02  -8.3022618e-01  -1.7445331e+00   1.2068951e-02   6.5167894e-03   2.9452538e-03
  -3.5107086e-02  -9.0434563e-01  -1.8135737e+00   1.2012345e-02   7.2665299e-03   2.3447620e-03
  -9.4517297e-02  -1.1171951e+00  -2.0859657e+00   1.4680355e-02   8.4136220e-03   3.0622098e-03
   6.4832756e-02  -1.4479707e+00  -2.5582510e+00   1.8580741e-02   1.3758336e-02   9.2384955e-03
  -5.5049841e-02  -1.3026473e+00  -2.3279962e+00   1.7340834e-02   1.2432697e-02   6.7652161e-03
  -6.8190909e-02  -1.4041785e+00  -2.4134425e+00   1.7854955e-02   1.1530381e-02   6.8199417e-03
  -8.1177938e-02  -1.1265648e+00  -2.2285583e+00   1.8730609e-02   1.0886628e-02   5.3988112e-03
  -7.7725237e-02  -8.4102760e-01  -1.6970013e+00   1.1676495e-02   9.2136157e-03   4.9717881e-03
  -6.7556667e-02  -9.7392139e-01  -1.8715414e+00   1.3983858e-02   1.0259544e-02   5.4772368e-03
  -1.0258453e-01  -8.6919870e-01  -1.7267782e+00   1.1519453e-02   8.3320137e-03   3.8120839e-03
  -1.0574824e-01  -9.2479058e-01  -1.7650357e+00   1.1263510e-02   8.2416944e-03   3.9022099e-03
  -9.0046836e-02  -8.9938093e-01  -1.7410863e+00   1.1407559e-02   7.8254770e-03   3.6172921e-03
  -9.9363373e-02  -8.6948577e-01  -1.7004358e+00   1.0883609e-02   7.4353686e-03   3.2338642e-03
  -1.0458988e-01  -8.9102376e-01  -1.6892740e+00   1.0293362e-02   7.5283742e-03   3.4630002e-03
  -1.0867587e-01  -1.0134940e+00  -1.8117719e+00   1.2865007e-02   7.7130668e-03   3.5849303e-03
  -1.0708376e-01  -1.2877439e+00  -2.2022887e+00   1.6702484e-02   8.3812167e-03   4.6027873e-03
  -1.2259649e-01  -1.2783015e+00  -2.3429497e+00   1.8056062e-02   8.8307795e-03   4.6875233e-03
  -9.0138881e-02  -1.0909095e+00  -2.0531629e+00   1.5778851e-02   7.5542349e-03   3.9209601e-03
  -3.9677462e-02  -6.7636484e-01  -1.4013131e+00   9.7067177e-03   5.9923431e-03   2.9683317e-03
  -4.3290550e-02  -5.3374440e-01  -1.1371267e+00   6.3549887e-03   5.0429720e-03   1.4532521e-03
  -6.5304874e-02  -5.4901285e-01  -1.1661036e+00   7.1298965e-03   5.6866188e-03   1.4355162e-03
  -6.0354241e-02  -5.5364076e-01  -1.1652092e+00   6.8440437e-03   4.9489301e-03   1.3916160e-03
  -5.6388729e-02  -6.2697513e-01  -1.1433739e+00   6.3925766e-03   4.8234982e-03   1.9521208e-03
  -9.3300789e-02  -5.8831443e-01  -1.0618816e+00   4.7456205e-03   4.1486296e-03   1.2777609e-03
  -1.0089213e-01  -6.8239498e-01  -1.1457650e+00   5.9070958e-03   4.3819310e-03   1.2867421e-03
  -1.1442893e-01  -7.1667945e-01  -1.2293640e+00   5.7317517e-03   4.6340975e-03   1.8014529e-03
  -1.1989976e-01  -8.9011668e-01  -1.4564198e+00   7.7441560e-03   6.2288415e-03   2.3245405e-03
  -1.4849015e-01  -9.7503244e-01  -1.6275492e+00   8.3810236e-03   5.2581288e-03   1.5439985e-03
  -2.2520762e-01  -7.9620677e-01  -1.4761792e+00   1.0722585e-02   5.6901881e-03   1.5338513e-03
  -1.5590801e-01  -7.9655534e-01  -1.1718684e+00   4.5713071e-03   4.1227273e-03   2.2038379e-03
  -1.8008545e-01  -8.0681130e-01  -1.3289612e+00   4.1588960e-03   4.3683469e-03   1.2775564e-03
  -1.9328134e-01  -9.0030802e-01  -1.4634256e+00   7.3478449e-03   4.2374442e-03   1.3724503e-03
  -1.8435405e-01  -8.6159702e-01  -1.4511104e+00   7.1906147e-03   3.9967720e-03   1.3408880e-03
  -1.8759883e-01  -9.2008039e-01  -1.4690017e+00   7.3291595e-03   3.7578031e-03   8.3447554e-04
  -1.6419658e-01  -9.7779219e-01  -1.5666043e+00   7.6999807e-03   4.3410683e-03   1.4428929e-03
  -4.8174416e-02  -1.1331879e+00  -1.7465462e+00   9.2232394e-03   7.2322491e-03   4.5946774e-03
  -3.1395495e-02  -1.0818399e+00  -1.7179653e+00   7.5767563e-03   7.7891752e-03   5.3481831e-03
  -1.5001847e-01  -1.1250724e+00  -1.7762863e+00   7.7778127e-03   6.0407741e-03   3.4618614e-03
  -2.8339501e-01  -1.0512912e+00  -1.8369925e+00   9.5662457e-03   5.9562977e-03   5.0391139e-04
  -2.0452064e-01  -1.0293625e+00  -1.7054211e+00   6.3906652e-03   5.0467800e-03   3.8159490e-04
  -1.8520468e-01  -1.0210213e+00  -1.8854374e+00   7.9616214e-03   5.4223843e-03   7.1473784e-04
  -1.1746110e-01  -1.1630405e+00  -2.0069805e+00   9.4093628e-03   7.6828052e-03   3.0309650e-03
  -1.5065685e-01  -1.2149323e+00  -2.0424368e+00   1.1050823e-02   7.1178030e-03   2.4532102e-03
  -1.3205568e-01  -9.0385031e-01  -1.5753355e+00   1.0033434e-02   5.8907184e-03   1.8561560e-03
  -5.5850563e-02  -7.5074117e-01  -1.1929512e+00   6.2738767e-03   2.0774751e-03   2.5382758e-03
  -6.8292698e-02  -7.8706658e-01  -1.3397079e+00   5.3225906e-03   4.4170607e-03   3.4364325e-03
  -3.7685881e-02  -9.3708231e-01  -1.4401625e+00   6.9581517e-03   4.1258712e-03   3.0017727e-03
  -4.2673555e-02  -9.1305767e-01  -1.4545538e+00   6.7986327e-03   4.4112774e-03   2.8038843e-03
  -1.6263692e-02  -9.2054087e-01  -1.4631409e+00   6.6707809e-03   5.1688857e-03   3.7632478e-03
   7.6120392e-02  -1.0531723e+00  -1.5709244e+00   6.5944357e-03   8.5265344e-03   7.6611524e-03
   6.3447285e-02  -1.0629199e+00  -1.6279403e+00   6.9806109e-03   9.4736829e-03   8.7172693e-03
  -9.9727295e-03  -1.0265961e+00  -1.6490410e+00   6.9450716e-03   8.0436897e-03   7.2759430e-03
  -2.8249286e-02  -1.1536094e+00  -1.8198078e+00   8.5097461e-03   8.6096962e-03   7.6459847e-03
  -2.2050295e-02  -1.0508700e+00  -1.7231529e+00   6.2947546e-03   8.4432150e-03   7.4317401e-03
  -1.3018831e-01  -1.1556498e+00  -1.8131383e+00   7.4822951e-03   7.2962412e-03   5.8159698e-03
  -2.5791806e-01  -4.9146108e-01  -9.9492834e-01   3.6078431e-03   3.4165073e-03   9.8241254e-04
  -2.0830254e-01  -4.7449806e-01  -7.2114058e-01  -2.7172985e-03   3.1506396e-03   9.6761718e-04
  -1.8424888e-01  -5.7635587e-01  -8.7557752e-01  -1.1554145e-03   3.8654521e-03   8.3024113e-04
  -1.6054721e-01  -7.3022426e-01  -1.0490115e+00   1.7932497e-04   4.2703257e-03   1.9454703e-03
  -9.3379745e-02  -8.9867827e-01  -1.2395017e+00   2.3589284e-03   7.3292981e-03   4.5671793e-03
  -1.8974235e-02  -7.9500369e-01  -1.2303165e+00   2.6467917e-03   8.3265743e-03   4.7073482e-03
  -9.3061541e-02  -7.8811450e-01  -1.2933794e+00   6.7420239e-03   5.1416990e-03   8.7259148e-04
  -1.1709224e-01  -1.7559321e-01  -6.8754805e-02  -8.0097765e-03   2.8970436e-03   1.6293154e-03
  -1.9268699e-01  -1.4970964e-01  -9.9550486e-02  -7.4419093e-03   2.0917127e-03   1.1791561e-03
  -1.2991856e-01  -5.4352010e-01  -6.1728587e-01  -3.9586631e-03   3.2245334e-03   6.1407844e-04
  -1.0844835e-01  -5.3015083e-01  -6.3228825e-01  -4.6719326e-03   3.1543633e-03   7.4649008e-04
  -1.0562586e-01  -5.5839625e-01  -6.5901345e-01  -4.2673757e-03   3.0012529e-03   3.0683602e-04
  -1.1836799e-01  -5.5123102e-01  -6.8518522e-01  -3.4870665e-03   3.0383228e-03   2.8427584e-04
  -1.6679322e-01  -6.5404608e-01  -7.8910741e-01  -2.2153971e-03   3.1130038e-03   1.4972983e-04
  -1.7304717e-01  -7.3119279e-01  -8.9242954e-01  -9.7215176e-04   3.0905840e-03   3.7726844e-04
  -1.6793151e-01  -7.3868946e-01  -9.8744103e-01  -1.1137656e-03   3.4170012e-03   6.0674369e-04
  -1.7158614e-01  -7.3636050e-01  -9.9778909e-01  -1.6478658e-03   3.2058169e-03   4.9003762e-04
  -1.5072120e-01  -7.9517936e-01  -1.1117250e+00   1.5426283e-04   3.8212545e-03   1.3726165e-03
  -1.3712573e-01  -6.5329173e-01  -1.0058057e+00  -2.3482259e-05   3.4846553e-03   1.1972677e-03
  -2.7562110e-01  -5.4719298e-01  -9.1174262e-01  -7.9004840e-04   2.0371978e-03  -1.6345344e-03
  -3.1602789e-01  -6.7598522e-01  -1.0383609e+00   4.2293938e-04   3.1862805e-03  -1.7794262e-03
  -2.8798695e-01  -7.2558162e-01  -1.1203299e+00   8.8740494e-06   2.7769240e-03  -1.2742296e-03
  -2.6872861e-01  -7.4508701e-01  -1.2034559e+00   1.0074143e-03   3.1934262e-03  -1.4763049e-03
  -2.8515067e-01  -7.9591447e-01  -1.2242484e+00   1.5718654e-03   3.0526934e-03  -1.5700507e-03
  -2.9628300e-01  -8.4005051e-01  -1.2594723e+00   1.7379421e-03   3.1863688e-03  -1.6520871e-03
  -3.4081754e-01  -9.7047566e-01  -1.4218937e+00   3.0261765e-03   3.9338205e-03  -1.4652404e-03
  -3.7014391e-01  -1.0282977e+00  -1.5303159e+00   4.6745242e-03   3.9798374e-03  -1.9793663e-03
  -3.5398073e-01  -9.9208205e-01  -1.5034338e+00   3.7100296e-03   3.8691286e-03  -1.4815846e-03
  -4.3305536e-01  -1.0404915e+00  -1.5768973e+00   3.3949157e-03   3.5408120e-03  -1.6592507e-03
  -4.6426377e-01  -1.0485210e+00  -1.6418900e+00   4.5638577e-03   4.2448755e-03  -2.0926559e-03
  -4.5902240e-01  -1.0283679e+00  -1.6164837e+00   4.4862053e-03   3.9256520e-03  -2.2468167e-03
  -4.6590061e-01  -7.0993989e-01  -1.2178361e+00   2.8769096e-03   3.1929033e-03  -2.8728717e-03
