   0.0000000e+00   0.0000000e+00   0.0000000e+00   0.0000000e+00   0.0000000e+00   0.0000000e+00
  -2.0494892e-02   1.2820546e-01   2.2920477e-01  -2.2431116e-03  -4.4918589e-04  -1.4022212e-03
   4.1394527e-02   1.3309710e-02   1.9937428e-01  -1.0827159e-03   1.7336588e-04  -5.2842760e-04
   4.6383344e-02   1.2174049e-01   2.7234485e-01  -2.0618242e-03  -3.1068275e-04  -1.2066398e-03
   4.7643780e-03   1.4835211e-01   4.0500368e-01  -2.9879428e-03  -3.2267003e-04  -2.0928070e-03
   4.8168046e-03   7.0254253e-03   2.5125172e-01  -1.2227900e-03  -1.1675596e-04  -2.0084973e-03
  -2.7735305e-03   8.1820877e-02   1.7224007e-01  -1.0205599e-03  -2.6341561e-05  -2.3566208e-03
  -1.1816227e-02   2.1927489e-01   4.4081175e-01  -2.2791649e-03  -8.1875179e-04  -2.8312020e-03
   4.5533768e-02   2.9271529e-01   8.0761495e-01  -2.6768530e-03  -1.7747110e-03  -3.0300603e-03
   6.9577381e-02   1.5798822e-01   7.6600018e-01  -5.9559217e-04  -2.1399207e-03  -2.8998298e-03
   1.0210751e-02   6.7608265e-02   4.4099996e-01   4.6995335e-04  -1.6904540e-03  -3.4275454e-03
  -8.4010233e-02   1.7824519e-01   2.5707956e-01  -7.3154759e-04  -7.8371093e-04  -4.2730079e-03
  -3.5323003e-02   1.8900325e-01   2.9411489e-01   8.1450141e-04  -8.4017543e-04  -3.4448269e-03
   2.1162463e-02   1.2463768e-01   3.0880934e-01  -6.1875338e-04  -4.2208662e-04  -3.0285991e-03
   6.5808061e-02   1.1250872e-01   2.8543604e-01  -2.7474912e-03  -7.7797608e-04  -2.2588407e-03
   5.4688022e-02   1.1437755e-01   2.7828295e-01  -1.5262530e-03  -1.0266989e-03  -2.3910826e-03
   3.4435646e-02   8.1589806e-02   2.9976967e-01  -7.7512715e-04  -9.8305828e-04  -2.7335952e-03
   5.8720944e-02   2.2445662e-03   2.9037066e-01  -1.5501284e-03  -1.3196057e-03  -2.3486258e-03
   8.8671311e-02  -2.6215508e-02   3.1710264e-01  -3.0975599e-03  -2.3442376e-03  -2.2187981e-03
   9.9350697e-02  -1.6644910e-02   2.4524461e-01  -2.5174710e-03  -1.9130034e-03  -2.2481882e-03
   4.6678486e-02  -2.2438900e-02   2.2483836e-01  -1.7921791e-03  -1.8434549e-03  -3.0361359e-03
   2.5460282e-02   2.0039584e-03   2.0085787e-01  -2.7675220e-03  -2.2504631e-03  -3.5920761e-03
   4.2522772e-02   3.2519431e-03   1.7736799e-01  -2.6634810e-03  -2.7513388e-03  -2.9497165e-03
   5.0382505e-02   2.1213784e-04   1.5616933e-01  -3.0486145e-03  -2.5748534e-03  -2.5887258e-03
   5.5300016e-02   6.2977452e-02   1.7474722e-01  -2.9577697e-03  -2.4342312e-03  -3.1147822e-03
   4.1314035e-02   1.9650444e-02   1.5050386e-01  -2.4251466e-03  -2.4630028e-03  -3.0089033e-03
   2.9397681e-02   5.5461809e-02   1.2983349e-01  -2.4330423e-03  -2.4777972e-03  -2.6833121e-03
   5.0235856e-02   8.3329349e-02   1.6667246e-01  -2.5592491e-03  -2.1342152e-03  -2.8534205e-03
   4.5929396e-02   6.9852443e-02   1.9747267e-01  -2.2234892e-03  -2.3056757e-03  -3.0194062e-03
   5.0111775e-02   1.0442377e-01   2.2428115e-01  -2.8899147e-03  -2.0480902e-03  -3.9296180e-03
   6.6051299e-02   1.0375680e-01   2.2890046e-01  -2.3085537e-03  -3.3561775e-03  -3.2971577e-03
   5.8954184e-02   7.2922015e-02   2.1119015e-01  -2.1390990e-03  -2.1023410e-03  -3.7933447e-03
   4.1483975e-02   1.4049458e-01   2.0320292e-01  -3.0062051e-03  -2.3526060e-03  -4.2887544e-03
   5.2482831e-02   6.2033068e-02   2.2583558e-01  -2.1580200e-03  -2.8795715e-03  -3.5488535e-03
   3.5151292e-02   9.0000348e-02   2.4169073e-01  -2.5235690e-03  -2.8233328e-03  -4.1946492e-03
   3.0451599e-02   1.2378068e-01   2.8567679e-01  -2.5589837e-03  -3.0958173e-03  -4.6659554e-03
   1.0655846e-02   1.1147916e-01   2.6086532e-01  -1.6118871e-03  -3.2385883e-03  -5.2478744e-03
   3.6973390e-03   7.9629278e-02   2.3055870e-01  -1.4142644e-03  -3.0249127e-03  -5.0455238e-03
  -8.0194299e-03   9.9133722e-02   2.6347790e-01  -2.0294522e-03  -3.1256440e-03  -5.5407964e-03
   2.4937771e-02   6.5143196e-02   2.9403536e-01  -1.1790808e-03  -2.9109010e-03  -4.8793218e-03
   3.1672773e-02   5.6211467e-02   2.9145879e-01  -1.4410555e-03  -2.3375928e-03  -4.7822710e-03
   7.1857497e-02   9.3599422e-02   3.0965347e-01  -7.8899573e-04  -2.4276719e-05  -4.8815502e-03
   5.9789263e-02   6.4744253e-02   2.6182155e-01  -6.3026746e-04   3.2315053e-04  -4.8080206e-03
   6.4201376e-02   8.4963846e-02   2.7892913e-01  -6.2285385e-04  -1.0504737e-05  -4.1570473e-03
   7.8170602e-02   9.3180548e-02   3.1522452e-01  -3.3243375e-04   1.2899492e-04  -4.4713070e-03
   7.4524697e-02   6.6510187e-02   3.0005805e-01  -1.2254839e-04   2.6657982e-04  -4.4851707e-03
   8.2627887e-02   1.0672229e-01   3.3654949e-01  -1.0400328e-03   6.1930032e-04  -4.5322267e-03
   9.0994108e-02   1.1692023e-01   3.7547309e-01  -4.7445184e-04   4.5671277e-04  -4.8720975e-03
   8.0023161e-02   2.0796619e-01   5.6882016e-01  -1.3717125e-03   3.7873970e-04  -4.4838936e-03
   5.8908867e-02   2.2109667e-01   5.1150030e-01  -1.5775694e-03   1.7216873e-04  -5.2587236e-03
   5.8142299e-02   1.5054763e-01   4.5266711e-01  -4.6847986e-04   5.3086604e-05  -5.2761375e-03
   5.7935277e-02   1.4284733e-01   3.8584519e-01  -5.5210553e-04   2.2751268e-04  -5.3848220e-03
   5.3768957e-02   1.4522934e-01   2.8881306e-01  -3.3456885e-04   1.0944595e-04  -5.6169661e-03
   4.5104231e-02   9.7168811e-02   2.5590469e-01   7.5712170e-04   1.3131359e-04  -5.6691485e-03
   2.9455917e-02   1.3013831e-01   2.2972148e-01   3.7437284e-04   1.3832767e-04  -5.8552570e-03
   2.1161720e-02   1.6465294e-01   2.4814402e-01   4.3975580e-04  -3.1057617e-05  -6.0589797e-03
  -1.0283310e-02   1.2877643e-01   1.9646023e-01   1.4605577e-03   5.5929617e-04  -6.6722409e-03
  -6.7848534e-03   1.8007079e-01   1.8794074e-01   8.0523793e-04   3.8281636e-04  -6.5624915e-03
   2.6092999e-02   1.2869409e-01   1.9911470e-01   1.3922053e-03   4.6116139e-04  -6.3295509e-03
   2.5303823e-02   1.1045529e-01   1.9135700e-01   1.6094288e-03   6.7234762e-04  -6.0857308e-03
   1.2186389e-02   2.4320697e-01   3.2695399e-01   3.0290922e-04   1.9835510e-04  -7.0386280e-03
   2.0623181e-02   1.5408715e-01   3.6055682e-01   1.6872603e-04   3.3890064e-04  -7.2926851e-03
   2.2364041e-02   8.7322222e-02   3.5688736e-01   1.9813159e-03   6.7504554e-04  -7.1157037e-03
   7.5308072e-03   1.7107710e-01   3.4569859e-01   1.4454974e-03   7.8871105e-04  -7.5401676e-03
   1.3509513e-02   1.2348623e-01   3.5700451e-01   2.1040345e-03   1.0017953e-03  -7.4136408e-03
  -9.5435321e-03   1.4907235e-01   3.3181471e-01   2.3357011e-03   8.5698562e-04  -7.4835432e-03
   4.3192081e-03   2.0184161e-01   3.9121839e-01   1.4473513e-03   1.1946474e-03  -7.6331898e-03
   7.8292617e-03   1.2016106e-01   3.5767277e-01   2.4768472e-03   1.0351778e-03  -7.4140108e-03
  -1.0321236e-02   2.0458702e-01   3.9966740e-01   1.4899958e-03   8.4929221e-04  -7.7404639e-03
  -2.0781086e-02   1.0204629e-01   3.7194828e-01   2.7486809e-03   1.0439625e-03  -7.8774762e-03
  -7.2216511e-03   1.3686539e-01   3.4065945e-01   2.2374642e-03   1.2988218e-03  -7.5868439e-03
   4.5544014e-03   1.2286982e-01   3.3353004e-01   3.1971169e-03   1.4996738e-03  -7.2585630e-03
  -5.2936780e-03   9.9092068e-02   3.1361060e-01   3.2132574e-03   1.4758489e-03  -7.1542854e-03
   1.3958234e-02   1.5834531e-01   3.4151408e-01   2.5393451e-03   1.4245177e-03  -7.2153273e-03
   9.9744083e-03   1.0220347e-01   3.1429884e-01   3.2548335e-03   1.4895751e-03  -7.2014857e-03
   1.0011491e-02   1.3256199e-01   3.1291248e-01   3.1038649e-03   1.5644895e-03  -7.2677651e-03
   3.1924371e-02   1.3870078e-01   3.3109710e-01   3.1548444e-03   1.9000789e-03  -7.3553614e-03
   3.9957768e-02   1.0506522e-01   2.9794909e-01   3.2982704e-03   2.1206634e-03  -7.0246551e-03
   5.0526173e-02   1.5501835e-01   3.4008063e-01   2.9150919e-03   2.3062599e-03  -7.0234907e-03
   5.9983984e-02   9.6403114e-02   2.9170348e-01   3.8612913e-03   2.3765367e-03  -6.8027942e-03
   6.7390127e-02   1.7621181e-01   3.8798813e-01   3.2400262e-03   1.6428933e-03  -6.7203983e-03
   8.9408192e-02   2.0676534e-01   5.2152576e-01   2.7204342e-03   2.6468724e-03  -6.9077701e-03
   9.4411496e-02   1.5869273e-01   4.3841558e-01   3.6061792e-03   2.6234419e-03  -6.6190548e-03
   8.2746692e-02   2.0423033e-01   4.3786543e-01   3.0379763e-03   2.2265655e-03  -6.9496456e-03
   9.6838247e-02   1.4968944e-01   3.9762611e-01   3.4657725e-03   2.8037627e-03  -6.9517527e-03
   1.1312373e-01   9.4959539e-02   6.7562989e-02   6.4976344e-03   4.4810288e-03  -6.8515214e-03
   1.4304994e-01   1.8052286e-01   2.2805797e-01   5.3866634e-03   3.6763086e-03  -6.4796135e-03
   1.6235059e-01   1.2233046e-01   2.3269407e-01   6.1018745e-03   4.4107902e-03  -6.3205220e-03
   1.6161559e-01   1.7028201e-01   2.5038497e-01   5.7090741e-03   4.5786938e-03  -6.3235137e-03
   1.7024597e-01   1.7019457e-01   3.1266921e-01   4.6860593e-03   4.1415356e-03  -6.3768547e-03
   1.6051709e-01   1.2905868e-01   3.4428269e-01   3.9423260e-03   4.4777883e-03  -6.7752070e-03
   1.5968038e-01   1.7832544e-01   3.4357025e-01   3.9109615e-03   4.8456352e-03  -7.0347424e-03
   1.6510173e-01   1.9449686e-01   3.5676339e-01   4.4957562e-03   5.0730253e-03  -7.0013376e-03
   1.5393641e-01   1.3887954e-01   3.4620656e-01   4.5977153e-03   4.9554343e-03  -6.9472830e-03
   1.6746478e-01   1.6881624e-01   3.6854227e-01   4.1672115e-03   4.9821138e-03  -7.1802791e-03
   1.5200565e-01   1.4365585e-01   3.4746419e-01   4.9469631e-03   4.8588943e-03  -7.1226326e-03
   1.5548741e-01   1.8045743e-01   3.7291771e-01   3.3473852e-03   5.0996815e-03  -7.3281724e-03
   1.4328042e-01   1.6648794e-01   3.7532983e-01   3.9900655e-03   4.9980717e-03  -7.5760840e-03
   1.2798617e-01   1.3925881e-01   3.4587098e-01   4.1329208e-03   4.7140912e-03  -7.1764795e-03
   1.3355112e-01   1.8842642e-01   3.9087587e-01   3.8808930e-03   4.8729755e-03  -7.5868114e-03
   1.4093883e-01   1.5163630e-01   4.1935418e-01   3.6125746e-03   4.7458850e-03  -7.4220342e-03
   1.5165356e-01   2.3355953e-01   4.9175242e-01   2.2806256e-03   4.3369966e-03  -7.7304133e-03
   1.1658411e-01   1.5233985e-01   4.6114477e-01   3.1154953e-03   4.8838887e-03  -8.2803938e-03
   1.3002626e-01   1.7617263e-01   5.2126966e-01   4.1064871e-03   4.4422577e-03  -8.0118903e-03
   1.4679023e-01   1.5939387e-01   5.2765561e-01   3.1991387e-03   4.6333434e-03  -7.6402996e-03
   1.4904637e-01   1.8266835e-01   5.4335468e-01   2.9637747e-03   4.2990414e-03  -7.5778630e-03
   1.4388811e-01   1.6025964e-01   5.2264397e-01   3.8401809e-03   5.2123177e-03  -7.9059330e-03
   1.6200868e-01   2.1177743e-01   5.7462019e-01   2.0073015e-03   4.6450223e-03  -7.6524346e-03
   1.6325486e-01   1.8956645e-01   5.9080476e-01   3.2018320e-03   4.4509414e-03  -7.5161474e-03
   1.4255486e-01   1.8733734e-01   5.1487928e-01   3.8697484e-03   4.2943377e-03  -7.6006505e-03
   1.4625951e-01   2.3319536e-01   5.3894196e-01   3.4192180e-03   4.3750417e-03  -8.1567130e-03
   1.3445243e-01   1.8070182e-01   5.4980735e-01   3.3984833e-03   4.3510937e-03  -8.0684711e-03
   1.3892028e-01   2.1214964e-01   5.5529916e-01   2.8085077e-03   4.1282183e-03  -7.9203351e-03
   1.5974727e-01   1.5884009e-01   5.5338496e-01   3.7297213e-03   3.9805980e-03  -7.5169191e-03
   1.6718742e-01   1.8500723e-01   5.7495750e-01   3.7552013e-03   4.4892331e-03  -7.6132916e-03
   2.0788884e-01   1.4474341e-01   6.8975321e-01   5.6865388e-03   4.2392548e-03  -8.1620700e-03
   1.6205985e-01   6.6206383e-02   4.7209381e-01   4.5885176e-03   4.3384830e-03  -7.4155589e-03
   1.4814874e-01   1.7503761e-01   3.6151856e-01   1.6781210e-03   2.5014273e-03  -6.7054031e-03
   1.9044358e-01   1.6505992e-01   4.5831942e-01   3.2310664e-03   2.8588970e-03  -6.6225586e-03
   1.6332007e-01   1.5550543e-01   6.1525708e-01   4.2757638e-03   3.5463588e-03  -7.4979648e-03
   1.8324114e-01   1.4738442e-01   6.6291576e-01   4.7005661e-03   3.0265040e-03  -6.7301351e-03
   1.3176418e-01   1.5528835e-01   4.5912581e-01   6.2128051e-03   2.2031804e-03  -6.5621354e-03
   1.2050618e-01   1.1270947e-01   3.7616475e-01   5.3433423e-03   1.8228689e-03  -5.8344798e-03
   1.6722227e-01   1.9669325e-01   4.6618958e-01   4.6165593e-03   2.5686022e-03  -6.3604052e-03
   2.0482645e-01   1.3407749e-01   5.3705297e-01   4.7182724e-03   2.5308948e-03  -5.8043955e-03
   2.3827707e-01   1.9589782e-01   6.2035005e-01   4.5143702e-03   2.7359090e-03  -6.1364330e-03
   2.2963915e-01   1.3764643e-01   6.0576806e-01   3.9943367e-03   3.3674294e-03  -6.7110629e-03
   2.4271833e-01   1.4475862e-01   6.5456934e-01   3.5644450e-03   1.9807690e-03  -5.7380383e-03
   2.5274999e-01   1.2520997e-01   6.7475881e-01   3.6294118e-03   3.5931150e-03  -6.3096637e-03
   2.5539374e-01   1.0815619e-01   6.9635637e-01   3.4546220e-03   3.6346603e-03  -6.1185091e-03
   2.5061121e-01   1.7106702e-01   7.5901273e-01   2.5382007e-03   3.9513967e-03  -6.7600003e-03
   2.7746064e-01   9.1975180e-02   7.0053318e-01   3.4879153e-03   3.5892903e-03  -6.2503139e-03
   2.7031822e-01   7.1493730e-02   5.3179297e-01   2.2131902e-03   3.8760931e-03  -6.7108601e-03
   2.5788825e-01   9.2792023e-02   5.8922731e-01   2.3893218e-03   3.5069402e-03  -7.2766350e-03
   2.6354968e-01   1.2715345e-01   8.0995082e-01   2.5673594e-03   3.2732078e-03  -6.3690564e-03
   1.9989560e-01   2.0412212e-01   8.4088315e-01   1.7072465e-03   3.2693753e-03  -8.0589340e-03
   1.7294600e-01   1.6614994e-01   8.4169944e-01   2.7529233e-03   2.5658106e-03  -7.7126089e-03
   2.3028837e-01   1.5687097e-01   8.3807520e-01   1.9666608e-03   1.4279893e-03  -6.6136597e-03
   2.6988856e-01   1.6183928e-01   9.3975883e-01   1.7078234e-03   2.2453883e-03  -6.5121336e-03
   2.8345763e-01   6.4133048e-02   9.3379265e-01   2.1801030e-03   3.1054452e-03  -6.5616831e-03
   2.7267814e-01   1.5760292e-01   1.1030696e+00   1.4131776e-04   2.7540323e-03  -6.9163740e-03
   2.4987086e-01   1.8123643e-01   1.0312356e+00   7.4969607e-04   2.5578377e-03  -7.5979761e-03
   2.3420309e-01   1.1311097e-01   8.9221529e-01  -7.2341569e-05   1.9219893e-03  -7.7046316e-03
   2.7064501e-01   1.9097983e-01   1.2131764e+00   8.9626490e-04   2.5810112e-03  -7.5080692e-03
   2.6937022e-01   1.2798735e-01   1.1084358e+00   3.2660623e-04   2.2126841e-03  -7.5562568e-03
   2.7062521e-01   1.7873406e-01   1.1389616e+00   2.7385885e-04   2.1379100e-03  -7.6438327e-03
   3.0412342e-01   3.4716861e-02   8.3733410e-01   1.1307924e-03   2.4542983e-03  -7.3577334e-03
   2.9362579e-01   8.5092301e-02   1.0085383e+00   1.5712229e-03   2.1461612e-03  -7.5788333e-03
   2.5669114e-01   2.0765152e-01   1.2431484e+00  -1.1870426e-03   2.1233591e-03  -7.8708632e-03
   2.5461673e-01   2.5186952e-02   8.9528555e-01   1.6562754e-03   2.0946813e-03  -7.7877789e-03
   2.6212994e-01   1.7043340e-01   1.0606045e+00   4.8570912e-04   2.2779716e-03  -8.1032817e-03
   2.9053912e-01   9.5308383e-02   9.7793284e-01   1.8748885e-03   8.6798845e-04  -6.9387205e-03
